551.0
16.0
0.0
0.0
1782.0
37.0
0.0
0.0
1682.0
54.0
0.0
0.0
2009.0
13.0
0.0
0.0
1755.0
43.0
0.0
0.0
490.0
41.0
0.0
0.0
527.0
23.0
0.0
0.0
n
6
34
0
0
464
29
0
0
155
15
0
0
88
41
0
0
1375
100
0
0
2010
35
0
0
2982
8
0
0
n
230
21
0
0
2516
55
0
0
2448
12
0
0
2040
22
0
0
2176
33
0
0
2220
25
0
0
1708
61
0
0
n
1769
31
0
0
2074
25
0
0
1525
17
0
0
1904
17
0
0
2013
28
0
0
2135
44
0
0
2720
32
0
0
n
1830
37
0
0
1863
26
0
0
1855
7
0
0
1972
33
0
0
1932
8
0
0
1716
62
0
0
1647
30
0
0
n
1980
41
0
0
1696
17
0
0
2014
36
0
0
2067
5
0
0
1908
18
0
0
1891
27
0
0
880
34
0
0
n
252
49
0
0
968
13
0
0
924
30
0
0
836
44
0
0
704
6
0
0
969
19
0
0
1505
31
0
0
n
792
47
0
0
1134
11
0
0
484
35
0
0
1575
44
0
0
1540
18
0
0
1610
5
0
0
748
50
0
0
n
616
51
0
0
1435
44
0
0
2021
30
0
0
504
22
0
0
720
59
0
0
1150
32
0
0
1269
45
0
0
n
1458
31
0
0
850
35
0
0
1680
44
0
0
1785
33
0
0
1275
36
0
0
338
78
0
0
44
37
0
0
n
1250
24
0
0
1296
47
0
0
1350
48
0
0
234
55
0
0
1645
43
0
0
180
36
0
0
1995
31
0
0
n
234
26
0
0
867
45
0
0
765
9
0
0
198
28
0
0
901
14
0
0
918
22
0
0
162
38
0
0
n
1820
36
0
0
1925
32
0
0
468
27
0
0
1200
35
0
0
1470
27
0
0
72
24
0
0
1242
31
0
0
n
1215
0
46
0
1715
0
42
0
1377
0
56
0
638
0
22
0
969
0
33
0
54
0
18
0
1404
0
38
0
n
1175
0
42
0
525
0
29
0
208
0
30
0
156
0
57
0
322
0
49
0
280
0
46
0
36
0
37
0
n
1323
0
30
0
216
0
21
0
950
0
30
0
0
0
42
0
583
0
17
0
340
0
25
0
108
0
56
0
n
988
0
35
0
160
0
25
0
660
0
25
0
1350
0
54
0
782
0
32
0
288
0
61
0
1750
0
39
0
n
1375
0
4
0
1850
0
44
0
360
0
38
0
390
0
38
0
308
0
5
0
10
0
22
0
833
0
26
0
n
324
0
29
0
616
0
14
0
300
0
5
0
416
0
44
0
295
0
39
0
572
0
38
0
1140
0
57
0
n
72
0
15
0
952
0
40
0
627
0
17
0
144
0
17
0
539
0
21
0
384
0
40
0
36
0
35
0
n
460
0
51
0
312
0
48
0
1431
0
50
0
594
0
41
0
649
0
29
0
24
0
44
0
312
0
30
0
n
2030
0
21
0
12
0
48
0
108
0
38
0
874
0
30
0
816
0
25
0
110
0
57
0
12
0
25
0
n
2250
0
12
0
432
0
21
0
232
0
11
0
414
0
34
0
50
0
51
0
1952
0
30
0
2108
0
54
0
n
306
0
0
33
180
0
0
50
754
0
0
40
224
0
0
21
676
0
0
54
0
0
0
7
2162
0
0
34
n
364
0
0
6
1300
0
0
43
0
0
0
35
414
0
0
27
100
0
0
33
504
0
0
26
1360
0
0
41
n
665
0
0
65
1584
0
0
18
2312
0
0
33
182
0
0
21
1134
0
0
65
1134
0
0
45
1750
0
0
43
n
215
0
0
46
2622
0
0
58
930
0
0
11
2244
0
0
36
2380
0
0
5
182
0
0
31
2584
0
0
25
n
420
0
0
43
260
0
0
24
90
0
0
34
1239
0
0
56
1575
0
0
34
851
0
0
22
252
0
0
38
n
153
0
0
16
69
0
0
42
130
0
0
49
286
0
0
11
1961
0
0
26
1960
0
0
63
848
0
0
56
n
330
0
0
41
1050
0
0
10
2610
0
0
38
126
0
0
32
216
0
0
38
30
0
0
46
448
0
0
29
n
n
n
n
x
